0.2499 0.0643829
0.2498 0.0643477
0.2497 0.0643126
0.2496 0.0642774
0.2495 0.0642423
0.2494 0.0642071
0.2493 0.064172
0.2492 0.0641368
0.2491 0.0641017
0.249 0.0640666
0.2489 0.0640314
0.2488 0.0639963
0.2487 0.0639612
0.2486 0.063926
0.2485 0.0638909
0.2484 0.0638558
0.2483 0.0638207
0.2482 0.0637855
0.2481 0.0637504
0.248 0.0637153
0.2479 0.0636802
0.2478 0.0636451
0.2477 0.06361
0.2476 0.0635749
0.2475 0.0635398
0.2474 0.0635047
0.2473 0.0634696
0.2472 0.0634345
0.2471 0.0633994
0.247 0.0633643
0.2469 0.0633292
0.2468 0.0632941
0.2467 0.063259
0.2466 0.063224
0.2465 0.0631889
0.2464 0.0631538
0.2463 0.0631187
0.2462 0.0630837
0.2461 0.0630486
0.246 0.0630135
0.2459 0.0629785
0.2458 0.0629434
0.2457 0.0629083
0.2456 0.0628733
0.2455 0.0628382
0.2454 0.0628032
0.2453 0.0627681
0.2452 0.0627331
0.2451 0.062698
0.245 0.062663
0.2449 0.0626279
0.2448 0.0625929
0.2447 0.0625579
0.2446 0.0625228
0.2445 0.0624878
0.2444 0.0624528
0.2443 0.0624178
0.2442 0.0623827
0.2441 0.0623477
0.244 0.0623127
0.2439 0.0622777
0.2438 0.0622427
0.2437 0.0622077
0.2436 0.0621726
0.2435 0.0621376
0.2434 0.0621026
0.2433 0.0620676
0.2432 0.0620326
0.2431 0.0619976
0.243 0.0619626
0.2429 0.0619277
0.2428 0.0618927
0.2427 0.0618577
0.2426 0.0618227
0.2425 0.0617877
0.2424 0.0617527
0.2423 0.0617178
0.2422 0.0616828
0.2421 0.0616478
0.242 0.0616128
0.2419 0.0615779
0.2418 0.0615429
0.2417 0.061508
0.2416 0.061473
0.2415 0.061438
0.2414 0.0614031
0.2413 0.0613681
0.2412 0.0613332
0.2411 0.0612982
0.241 0.0612633
0.2409 0.0612283
0.2408 0.0611934
0.2407 0.0611585
0.2406 0.0611235
0.2405 0.0610886
0.2404 0.0610537
0.2403 0.0610188
0.2402 0.0609838
0.2401 0.0609489
0.24 0.060914
0.2399 0.0608791
0.2398 0.0608442
0.2397 0.0608093
0.2396 0.0607743
0.2395 0.0607394
0.2394 0.0607045
0.2393 0.0606696
0.2392 0.0606347
0.2391 0.0605998
0.239 0.060565
0.2389 0.0605301
0.2388 0.0604952
0.2387 0.0604603
0.2386 0.0604254
0.2385 0.0603905
0.2384 0.0603557
0.2383 0.0603208
0.2382 0.0602859
0.2381 0.060251
0.238 0.0602162
0.2379 0.0601813
0.2378 0.0601464
0.2377 0.0601116
0.2376 0.0600767
0.2375 0.0600419
0.2374 0.060007
0.2373 0.0599722
0.2372 0.0599373
0.2371 0.0599025
0.237 0.0598677
0.2369 0.0598328
0.2368 0.059798
0.2367 0.0597631
0.2366 0.0597283
0.2365 0.0596935
0.2364 0.0596587
0.2363 0.0596238
0.2362 0.059589
0.2361 0.0595542
0.236 0.0595194
0.2359 0.0594846
0.2358 0.0594498
0.2357 0.059415
0.2356 0.0593802
0.2355 0.0593454
0.2354 0.0593106
0.2353 0.0592758
0.2352 0.059241
0.2351 0.0592062
0.235 0.0591714
0.2349 0.0591366
0.2348 0.0591018
0.2347 0.0590671
0.2346 0.0590323
0.2345 0.0589975
0.2344 0.0589627
0.2343 0.058928
0.2342 0.0588932
0.2341 0.0588585
0.234 0.0588237
0.2339 0.0587889
0.2338 0.0587542
0.2337 0.0587194
0.2336 0.0586847
0.2335 0.0586499
0.2334 0.0586152
0.2333 0.0585805
0.2332 0.0585457
0.2331 0.058511
0.233 0.0584763
0.2329 0.0584415
0.2328 0.0584068
0.2327 0.0583721
0.2326 0.0583374
0.2325 0.0583026
0.2324 0.0582679
0.2323 0.0582332
0.2322 0.0581985
0.2321 0.0581638
0.232 0.0581291
0.2319 0.0580944
0.2318 0.0580597
0.2317 0.058025
0.2316 0.0579903
0.2315 0.0579556
0.2314 0.0579209
0.2313 0.0578862
0.2312 0.0578516
0.2311 0.0578169
0.231 0.0577822
0.2309 0.0577475
0.2308 0.0577129
0.2307 0.0576782
0.2306 0.0576435
0.2305 0.0576089
0.2304 0.0575742
0.2303 0.0575395
0.2302 0.0575049
0.2301 0.0574702
0.23 0.0574356
0.2299 0.0574009
0.2298 0.0573663
0.2297 0.0573317
0.2296 0.057297
0.2295 0.0572624
0.2294 0.0572278
0.2293 0.0571931
0.2292 0.0571585
0.2291 0.0571239
0.229 0.0570893
0.2289 0.0570547
0.2288 0.05702
0.2287 0.0569854
0.2286 0.0569508
0.2285 0.0569162
0.2284 0.0568816
0.2283 0.056847
0.2282 0.0568124
0.2281 0.0567778
0.228 0.0567432
0.2279 0.0567087
0.2278 0.0566741
0.2277 0.0566395
0.2276 0.0566049
0.2275 0.0565703
0.2274 0.0565358
0.2273 0.0565012
0.2272 0.0564666
0.2271 0.0564321
0.227 0.0563975
0.2269 0.0563629
0.2268 0.0563284
0.2267 0.0562938
0.2266 0.0562593
0.2265 0.0562247
0.2264 0.0561902
0.2263 0.0561557
0.2262 0.0561211
0.2261 0.0560866
0.226 0.0560521
0.2259 0.0560175
0.2258 0.055983
0.2257 0.0559485
0.2256 0.055914
0.2255 0.0558795
0.2254 0.0558449
0.2253 0.0558104
0.2252 0.0557759
0.2251 0.0557414
0.225 0.0557069
0.2249 0.0556724
0.2248 0.0556379
0.2247 0.0556034
0.2246 0.0555689
0.2245 0.0555345
0.2244 0.0555
0.2243 0.0554655
0.2242 0.055431
0.2241 0.0553965
0.224 0.0553621
0.2239 0.0553276
0.2238 0.0552931
0.2237 0.0552587
0.2236 0.0552242
0.2235 0.0551898
0.2234 0.0551553
0.2233 0.0551209
0.2232 0.0550864
0.2231 0.055052
0.223 0.0550175
0.2229 0.0549831
0.2228 0.0549487
0.2227 0.0549142
0.2226 0.0548798
0.2225 0.0548454
0.2224 0.054811
0.2223 0.0547765
0.2222 0.0547421
0.2221 0.0547077
0.222 0.0546733
0.2219 0.0546389
0.2218 0.0546045
0.2217 0.0545701
0.2216 0.0545357
0.2215 0.0545013
0.2214 0.0544669
0.2213 0.0544325
0.2212 0.0543981
0.2211 0.0543638
0.221 0.0543294
0.2209 0.054295
0.2208 0.0542606
0.2207 0.0542263
0.2206 0.0541919
0.2205 0.0541575
0.2204 0.0541232
0.2203 0.0540888
0.2202 0.0540545
0.2201 0.0540201
0.22 0.0539858
0.2199 0.0539514
0.2198 0.0539171
0.2197 0.0538828
0.2196 0.0538484
0.2195 0.0538141
0.2194 0.0537798
0.2193 0.0537454
0.2192 0.0537111
0.2191 0.0536768
0.219 0.0536425
0.2189 0.0536082
0.2188 0.0535739
0.2187 0.0535396
0.2186 0.0535053
0.2185 0.053471
0.2184 0.0534367
0.2183 0.0534024
0.2182 0.0533681
0.2181 0.0533338
0.218 0.0532995
0.2179 0.0532653
0.2178 0.053231
0.2177 0.0531967
0.2176 0.0531624
0.2175 0.0531282
0.2174 0.0530939
0.2173 0.0530596
0.2172 0.0530254
0.2171 0.0529911
0.217 0.0529569
0.2169 0.0529226
0.2168 0.0528884
0.2167 0.0528542
0.2166 0.0528199
0.2165 0.0527857
0.2164 0.0527515
0.2163 0.0527172
0.2162 0.052683
0.2161 0.0526488
0.216 0.0526146
0.2159 0.0525804
0.2158 0.0525462
0.2157 0.052512
0.2156 0.0524777
0.2155 0.0524435
0.2154 0.0524094
0.2153 0.0523752
0.2152 0.052341
0.2151 0.0523068
0.215 0.0522726
0.2149 0.0522384
0.2148 0.0522042
0.2147 0.0521701
0.2146 0.0521359
0.2145 0.0521017
0.2144 0.0520676
0.2143 0.0520334
0.2142 0.0519993
0.2141 0.0519651
0.214 0.051931
0.2139 0.0518968
0.2138 0.0518627
0.2137 0.0518285
0.2136 0.0517944
0.2135 0.0517603
0.2134 0.0517261
0.2133 0.051692
0.2132 0.0516579
0.2131 0.0516238
0.213 0.0515897
0.2129 0.0515555
0.2128 0.0515214
0.2127 0.0514873
0.2126 0.0514532
0.2125 0.0514191
0.2124 0.051385
0.2123 0.0513509
0.2122 0.0513169
0.2121 0.0512828
0.212 0.0512487
0.2119 0.0512146
0.2118 0.0511805
0.2117 0.0511465
0.2116 0.0511124
0.2115 0.0510783
0.2114 0.0510443
0.2113 0.0510102
0.2112 0.0509762
0.2111 0.0509421
0.211 0.0509081
0.2109 0.050874
0.2108 0.05084
0.2107 0.050806
0.2106 0.0507719
0.2105 0.0507379
0.2104 0.0507039
0.2103 0.0506699
0.2102 0.0506358
0.2101 0.0506018
0.21 0.0505678
0.2099 0.0505338
0.2098 0.0504998
0.2097 0.0504658
0.2096 0.0504318
0.2095 0.0503978
0.2094 0.0503638
0.2093 0.0503298
0.2092 0.0502959
0.2091 0.0502619
0.209 0.0502279
0.2089 0.0501939
0.2088 0.05016
0.2087 0.050126
0.2086 0.050092
0.2085 0.0500581
0.2084 0.0500241
0.2083 0.0499902
0.2082 0.0499562
0.2081 0.0499223
0.208 0.0498884
0.2079 0.0498544
0.2078 0.0498205
0.2077 0.0497866
0.2076 0.0497526
0.2075 0.0497187
0.2074 0.0496848
0.2073 0.0496509
0.2072 0.049617
0.2071 0.0495831
0.207 0.0495492
0.2069 0.0495153
0.2068 0.0494814
0.2067 0.0494475
0.2066 0.0494136
0.2065 0.0493797
0.2064 0.0493458
0.2063 0.0493119
0.2062 0.0492781
0.2061 0.0492442
0.206 0.0492103
0.2059 0.0491765
0.2058 0.0491426
0.2057 0.0491088
0.2056 0.0490749
0.2055 0.0490411
0.2054 0.0490072
0.2053 0.0489734
0.2052 0.0489395
0.2051 0.0489057
0.205 0.0488719
0.2049 0.0488381
0.2048 0.0488042
0.2047 0.0487704
0.2046 0.0487366
0.2045 0.0487028
0.2044 0.048669
0.2043 0.0486352
0.2042 0.0486014
0.2041 0.0485676
0.204 0.0485338
0.2039 0.0485
0.2038 0.0484662
0.2037 0.0484325
0.2036 0.0483987
0.2035 0.0483649
0.2034 0.0483311
0.2033 0.0482974
0.2032 0.0482636
0.2031 0.0482299
0.203 0.0481961
0.2029 0.0481624
0.2028 0.0481286
0.2027 0.0480949
0.2026 0.0480611
0.2025 0.0480274
0.2024 0.0479937
0.2023 0.0479599
0.2022 0.0479262
0.2021 0.0478925
0.202 0.0478588
0.2019 0.0478251
0.2018 0.0477914
0.2017 0.0477577
0.2016 0.047724
0.2015 0.0476903
0.2014 0.0476566
0.2013 0.0476229
0.2012 0.0475892
0.2011 0.0475555
0.201 0.0475218
0.2009 0.0474882
0.2008 0.0474545
0.2007 0.0474208
0.2006 0.0473872
0.2005 0.0473535
0.2004 0.0473199
0.2003 0.0472862
0.2002 0.0472526
0.2001 0.0472189
0.2 0.0471853
0.1999 0.0471517
0.1998 0.047118
0.1997 0.0470844
0.1996 0.0470508
0.1995 0.0470172
0.1994 0.0469836
0.1993 0.04695
0.1992 0.0469164
0.1991 0.0468828
0.199 0.0468492
0.1989 0.0468156
0.1988 0.046782
0.1987 0.0467484
0.1986 0.0467148
0.1985 0.0466812
0.1984 0.0466477
0.1983 0.0466141
0.1982 0.0465805
0.1981 0.046547
0.198 0.0465134
0.1979 0.0464798
0.1978 0.0464463
0.1977 0.0464128
0.1976 0.0463792
0.1975 0.0463457
0.1974 0.0463121
0.1973 0.0462786
0.1972 0.0462451
0.1971 0.0462116
0.197 0.0461781
0.1969 0.0461445
0.1968 0.046111
0.1967 0.0460775
0.1966 0.046044
0.1965 0.0460105
0.1964 0.045977
0.1963 0.0459436
0.1962 0.0459101
0.1961 0.0458766
0.196 0.0458431
0.1959 0.0458096
0.1958 0.0457762
0.1957 0.0457427
0.1956 0.0457093
0.1955 0.0456758
0.1954 0.0456423
0.1953 0.0456089
0.1952 0.0455755
0.1951 0.045542
0.195 0.0455086
0.1949 0.0454752
0.1948 0.0454417
0.1947 0.0454083
0.1946 0.0453749
0.1945 0.0453415
0.1944 0.0453081
0.1943 0.0452747
0.1942 0.0452413
0.1941 0.0452079
0.194 0.0451745
0.1939 0.0451411
0.1938 0.0451077
0.1937 0.0450743
0.1936 0.0450409
0.1935 0.0450076
0.1934 0.0449742
0.1933 0.0449408
0.1932 0.0449075
0.1931 0.0448741
0.193 0.0448408
0.1929 0.0448074
0.1928 0.0447741
0.1927 0.0447408
0.1926 0.0447074
0.1925 0.0446741
0.1924 0.0446408
0.1923 0.0446074
0.1922 0.0445741
0.1921 0.0445408
0.192 0.0445075
0.1919 0.0444742
0.1918 0.0444409
0.1917 0.0444076
0.1916 0.0443743
0.1915 0.044341
0.1914 0.0443078
0.1913 0.0442745
0.1912 0.0442412
0.1911 0.0442079
0.191 0.0441747
0.1909 0.0441414
0.1908 0.0441082
0.1907 0.0440749
0.1906 0.0440417
0.1905 0.0440084
0.1904 0.0439752
0.1903 0.0439419
0.1902 0.0439087
0.1901 0.0438755
0.19 0.0438423
0.1899 0.0438091
0.1898 0.0437758
0.1897 0.0437426
0.1896 0.0437094
0.1895 0.0436762
0.1894 0.043643
0.1893 0.0436098
0.1892 0.0435767
0.1891 0.0435435
0.189 0.0435103
0.1889 0.0434771
0.1888 0.043444
0.1887 0.0434108
0.1886 0.0433776
0.1885 0.0433445
0.1884 0.0433113
0.1883 0.0432782
0.1882 0.0432451
0.1881 0.0432119
0.188 0.0431788
0.1879 0.0431457
0.1878 0.0431125
0.1877 0.0430794
0.1876 0.0430463
0.1875 0.0430132
0.1874 0.0429801
0.1873 0.042947
0.1872 0.0429139
0.1871 0.0428808
0.187 0.0428477
0.1869 0.0428146
0.1868 0.0427816
0.1867 0.0427485
0.1866 0.0427154
0.1865 0.0426823
0.1864 0.0426493
0.1863 0.0426162
0.1862 0.0425832
0.1861 0.0425501
0.186 0.0425171
0.1859 0.0424841
0.1858 0.042451
0.1857 0.042418
0.1856 0.042385
0.1855 0.042352
0.1854 0.0423189
0.1853 0.0422859
0.1852 0.0422529
0.1851 0.0422199
0.185 0.0421869
0.1849 0.0421539
0.1848 0.042121
0.1847 0.042088
0.1846 0.042055
0.1845 0.042022
0.1844 0.0419891
0.1843 0.0419561
0.1842 0.0419231
0.1841 0.0418902
0.184 0.0418572
0.1839 0.0418243
0.1838 0.0417914
0.1837 0.0417584
0.1836 0.0417255
0.1835 0.0416926
0.1834 0.0416596
0.1833 0.0416267
0.1832 0.0415938
0.1831 0.0415609
0.183 0.041528
0.1829 0.0414951
0.1828 0.0414622
0.1827 0.0414293
0.1826 0.0413964
0.1825 0.0413636
0.1824 0.0413307
0.1823 0.0412978
0.1822 0.041265
0.1821 0.0412321
0.182 0.0411993
0.1819 0.0411664
0.1818 0.0411336
0.1817 0.0411007
0.1816 0.0410679
0.1815 0.0410351
0.1814 0.0410022
0.1813 0.0409694
0.1812 0.0409366
0.1811 0.0409038
0.181 0.040871
0.1809 0.0408382
0.1808 0.0408054
0.1807 0.0407726
0.1806 0.0407398
0.1805 0.040707
0.1804 0.0406742
0.1803 0.0406415
0.1802 0.0406087
0.1801 0.0405759
0.18 0.0405432
0.1799 0.0405104
0.1798 0.0404777
0.1797 0.0404449
0.1796 0.0404122
0.1795 0.0403795
0.1794 0.0403467
0.1793 0.040314
0.1792 0.0402813
0.1791 0.0402486
0.179 0.0402159
0.1789 0.0401832
0.1788 0.0401505
0.1787 0.0401178
0.1786 0.0400851
0.1785 0.0400524
0.1784 0.0400197
0.1783 0.0399871
0.1782 0.0399544
0.1781 0.0399217
0.178 0.0398891
0.1779 0.0398564
0.1778 0.0398238
0.1777 0.0397911
0.1776 0.0397585
0.1775 0.0397259
0.1774 0.0396932
0.1773 0.0396606
0.1772 0.039628
0.1771 0.0395954
0.177 0.0395628
0.1769 0.0395302
0.1768 0.0394976
0.1767 0.039465
0.1766 0.0394324
0.1765 0.0393998
0.1764 0.0393672
0.1763 0.0393346
0.1762 0.0393021
0.1761 0.0392695
0.176 0.039237
0.1759 0.0392044
0.1758 0.0391719
0.1757 0.0391393
0.1756 0.0391068
0.1755 0.0390743
0.1754 0.0390417
0.1753 0.0390092
0.1752 0.0389767
0.1751 0.0389442
0.175 0.0389117
0.1749 0.0388792
0.1748 0.0388467
0.1747 0.0388142
0.1746 0.0387817
0.1745 0.0387492
0.1744 0.0387167
0.1743 0.0386843
0.1742 0.0386518
0.1741 0.0386193
0.174 0.0385869
0.1739 0.0385544
0.1738 0.038522
0.1737 0.0384896
0.1736 0.0384571
0.1735 0.0384247
0.1734 0.0383923
0.1733 0.0383599
0.1732 0.0383274
0.1731 0.038295
0.173 0.0382626
0.1729 0.0382302
0.1728 0.0381978
0.1727 0.0381655
0.1726 0.0381331
0.1725 0.0381007
0.1724 0.0380683
0.1723 0.038036
0.1722 0.0380036
0.1721 0.0379713
0.172 0.0379389
0.1719 0.0379066
0.1718 0.0378742
0.1717 0.0378419
0.1716 0.0378096
0.1715 0.0377772
0.1714 0.0377449
0.1713 0.0377126
0.1712 0.0376803
0.1711 0.037648
0.171 0.0376157
0.1709 0.0375834
0.1708 0.0375511
0.1707 0.0375189
0.1706 0.0374866
0.1705 0.0374543
0.1704 0.0374221
0.1703 0.0373898
0.1702 0.0373575
0.1701 0.0373253
0.17 0.0372931
0.1699 0.0372608
0.1698 0.0372286
0.1697 0.0371964
0.1696 0.0371642
0.1695 0.0371319
0.1694 0.0370997
0.1693 0.0370675
0.1692 0.0370353
0.1691 0.0370031
0.169 0.036971
0.1689 0.0369388
0.1688 0.0369066
0.1687 0.0368744
0.1686 0.0368423
0.1685 0.0368101
0.1684 0.036778
0.1683 0.0367458
0.1682 0.0367137
0.1681 0.0366815
0.168 0.0366494
0.1679 0.0366173
0.1678 0.0365851
0.1677 0.036553
0.1676 0.0365209
0.1675 0.0364888
0.1674 0.0364567
0.1673 0.0364246
0.1672 0.0363925
0.1671 0.0363605
0.167 0.0363284
0.1669 0.0362963
0.1668 0.0362643
0.1667 0.0362322
0.1666 0.0362001
0.1665 0.0361681
0.1664 0.0361361
0.1663 0.036104
0.1662 0.036072
0.1661 0.03604
0.166 0.036008
0.1659 0.0359759
0.1658 0.0359439
0.1657 0.0359119
0.1656 0.0358799
0.1655 0.0358479
0.1654 0.035816
0.1653 0.035784
0.1652 0.035752
0.1651 0.03572
0.165 0.0356881
0.1649 0.0356561
0.1648 0.0356242
0.1647 0.0355922
0.1646 0.0355603
0.1645 0.0355284
0.1644 0.0354964
0.1643 0.0354645
0.1642 0.0354326
0.1641 0.0354007
0.164 0.0353688
0.1639 0.0353369
0.1638 0.035305
0.1637 0.0352731
0.1636 0.0352412
0.1635 0.0352094
0.1634 0.0351775
0.1633 0.0351456
0.1632 0.0351138
0.1631 0.0350819
0.163 0.0350501
0.1629 0.0350182
0.1628 0.0349864
0.1627 0.0349546
0.1626 0.0349228
0.1625 0.0348909
0.1624 0.0348591
0.1623 0.0348273
0.1622 0.0347955
0.1621 0.0347637
0.162 0.034732
0.1619 0.0347002
0.1618 0.0346684
0.1617 0.0346366
0.1616 0.0346049
0.1615 0.0345731
0.1614 0.0345414
0.1613 0.0345096
0.1612 0.0344779
0.1611 0.0344462
0.161 0.0344144
0.1609 0.0343827
0.1608 0.034351
0.1607 0.0343193
0.1606 0.0342876
0.1605 0.0342559
0.1604 0.0342242
0.1603 0.0341925
0.1602 0.0341608
0.1601 0.0341292
0.16 0.0340975
0.1599 0.0340658
0.1598 0.0340342
0.1597 0.0340025
0.1596 0.0339709
0.1595 0.0339393
0.1594 0.0339076
0.1593 0.033876
0.1592 0.0338444
0.1591 0.0338128
0.159 0.0337812
0.1589 0.0337496
0.1588 0.033718
0.1587 0.0336864
0.1586 0.0336548
0.1585 0.0336233
0.1584 0.0335917
0.1583 0.0335601
0.1582 0.0335286
0.1581 0.033497
0.158 0.0334655
0.1579 0.0334339
0.1578 0.0334024
0.1577 0.0333709
0.1576 0.0333394
0.1575 0.0333079
0.1574 0.0332764
0.1573 0.0332449
0.1572 0.0332134
0.1571 0.0331819
0.157 0.0331504
0.1569 0.0331189
0.1568 0.0330875
0.1567 0.033056
0.1566 0.0330245
0.1565 0.0329931
0.1564 0.0329617
0.1563 0.0329302
0.1562 0.0328988
0.1561 0.0328674
0.156 0.0328359
0.1559 0.0328045
0.1558 0.0327731
0.1557 0.0327417
0.1556 0.0327103
0.1555 0.032679
0.1554 0.0326476
0.1553 0.0326162
0.1552 0.0325848
0.1551 0.0325535
0.155 0.0325221
0.1549 0.0324908
0.1548 0.0324594
0.1547 0.0324281
0.1546 0.0323968
0.1545 0.0323655
0.1544 0.0323341
0.1543 0.0323028
0.1542 0.0322715
0.1541 0.0322402
0.154 0.032209
0.1539 0.0321777
0.1538 0.0321464
0.1537 0.0321151
0.1536 0.0320839
0.1535 0.0320526
0.1534 0.0320214
0.1533 0.0319901
0.1532 0.0319589
0.1531 0.0319276
0.153 0.0318964
0.1529 0.0318652
0.1528 0.031834
0.1527 0.0318028
0.1526 0.0317716
0.1525 0.0317404
0.1524 0.0317092
0.1523 0.031678
0.1522 0.0316469
0.1521 0.0316157
0.152 0.0315846
0.1519 0.0315534
0.1518 0.0315223
0.1517 0.0314911
0.1516 0.03146
0.1515 0.0314289
0.1514 0.0313978
0.1513 0.0313666
0.1512 0.0313355
0.1511 0.0313044
0.151 0.0312733
0.1509 0.0312423
0.1508 0.0312112
0.1507 0.0311801
0.1506 0.0311491
0.1505 0.031118
0.1504 0.0310869
0.1503 0.0310559
0.1502 0.0310249
0.1501 0.0309938
0.15 0.0309628
0.1499 0.0309318
0.1498 0.0309008
0.1497 0.0308698
0.1496 0.0308388
0.1495 0.0308078
0.1494 0.0307768
0.1493 0.0307458
0.1492 0.0307149
0.1491 0.0306839
0.149 0.030653
0.1489 0.030622
0.1488 0.0305911
0.1487 0.0305601
0.1486 0.0305292
0.1485 0.0304983
0.1484 0.0304674
0.1483 0.0304365
0.1482 0.0304056
0.1481 0.0303747
0.148 0.0303438
0.1479 0.0303129
0.1478 0.030282
0.1477 0.0302512
0.1476 0.0302203
0.1475 0.0301895
0.1474 0.0301586
0.1473 0.0301278
0.1472 0.030097
0.1471 0.0300661
0.147 0.0300353
0.1469 0.0300045
0.1468 0.0299737
0.1467 0.0299429
0.1466 0.0299121
0.1465 0.0298813
0.1464 0.0298506
0.1463 0.0298198
0.1462 0.029789
0.1461 0.0297583
0.146 0.0297275
0.1459 0.0296968
0.1458 0.0296661
0.1457 0.0296354
0.1456 0.0296046
0.1455 0.0295739
0.1454 0.0295432
0.1453 0.0295125
0.1452 0.0294818
0.1451 0.0294512
0.145 0.0294205
0.1449 0.0293898
0.1448 0.0293592
0.1447 0.0293285
0.1446 0.0292979
0.1445 0.0292672
0.1444 0.0292366
0.1443 0.029206
0.1442 0.0291753
0.1441 0.0291447
0.144 0.0291141
0.1439 0.0290835
0.1438 0.029053
0.1437 0.0290224
0.1436 0.0289918
0.1435 0.0289612
0.1434 0.0289307
0.1433 0.0289001
0.1432 0.0288696
0.1431 0.028839
0.143 0.0288085
0.1429 0.028778
0.1428 0.0287475
0.1427 0.028717
0.1426 0.0286865
0.1425 0.028656
0.1424 0.0286255
0.1423 0.028595
0.1422 0.0285645
0.1421 0.0285341
0.142 0.0285036
0.1419 0.0284732
0.1418 0.0284427
0.1417 0.0284123
0.1416 0.0283819
0.1415 0.0283515
0.1414 0.0283211
0.1413 0.0282907
0.1412 0.0282603
0.1411 0.0282299
0.141 0.0281995
0.1409 0.0281691
0.1408 0.0281387
0.1407 0.0281084
0.1406 0.028078
0.1405 0.0280477
0.1404 0.0280174
0.1403 0.027987
0.1402 0.0279567
0.1401 0.0279264
0.14 0.0278961
0.1399 0.0278658
0.1398 0.0278355
0.1397 0.0278052
0.1396 0.027775
0.1395 0.0277447
0.1394 0.0277144
0.1393 0.0276842
0.1392 0.0276539
0.1391 0.0276237
0.139 0.0275935
0.1389 0.0275632
0.1388 0.027533
0.1387 0.0275028
0.1386 0.0274726
0.1385 0.0274424
0.1384 0.0274122
0.1383 0.0273821
0.1382 0.0273519
0.1381 0.0273217
0.138 0.0272916
0.1379 0.0272615
0.1378 0.0272313
0.1377 0.0272012
0.1376 0.0271711
0.1375 0.027141
0.1374 0.0271108
0.1373 0.0270808
0.1372 0.0270507
0.1371 0.0270206
0.137 0.0269905
0.1369 0.0269604
0.1368 0.0269304
0.1367 0.0269003
0.1366 0.0268703
0.1365 0.0268403
0.1364 0.0268102
0.1363 0.0267802
0.1362 0.0267502
0.1361 0.0267202
0.136 0.0266902
0.1359 0.0266602
0.1358 0.0266302
0.1357 0.0266003
0.1356 0.0265703
0.1355 0.0265403
0.1354 0.0265104
0.1353 0.0264805
0.1352 0.0264505
0.1351 0.0264206
0.135 0.0263907
0.1349 0.0263608
0.1348 0.0263309
0.1347 0.026301
0.1346 0.0262711
0.1345 0.0262412
0.1344 0.0262114
0.1343 0.0261815
0.1342 0.0261517
0.1341 0.0261218
0.134 0.026092
0.1339 0.0260622
0.1338 0.0260323
0.1337 0.0260025
0.1336 0.0259727
0.1335 0.0259429
0.1334 0.0259131
0.1333 0.0258834
0.1332 0.0258536
0.1331 0.0258238
0.133 0.0257941
0.1329 0.0257643
0.1328 0.0257346
0.1327 0.0257049
0.1326 0.0256752
0.1325 0.0256454
0.1324 0.0256157
0.1323 0.0255861
0.1322 0.0255564
0.1321 0.0255267
0.132 0.025497
0.1319 0.0254674
0.1318 0.0254377
0.1317 0.0254081
0.1316 0.0253784
0.1315 0.0253488
0.1314 0.0253192
0.1313 0.0252896
0.1312 0.02526
0.1311 0.0252304
0.131 0.0252008
0.1309 0.0251712
0.1308 0.0251416
0.1307 0.0251121
0.1306 0.0250825
0.1305 0.025053
0.1304 0.0250234
0.1303 0.0249939
0.1302 0.0249644
0.1301 0.0249349
0.13 0.0249054
0.1299 0.0248759
0.1298 0.0248464
0.1297 0.0248169
0.1296 0.0247874
0.1295 0.024758
0.1294 0.0247285
0.1293 0.0246991
0.1292 0.0246697
0.1291 0.0246402
0.129 0.0246108
0.1289 0.0245814
0.1288 0.024552
0.1287 0.0245226
0.1286 0.0244932
0.1285 0.0244639
0.1284 0.0244345
0.1283 0.0244051
0.1282 0.0243758
0.1281 0.0243465
0.128 0.0243171
0.1279 0.0242878
0.1278 0.0242585
0.1277 0.0242292
0.1276 0.0241999
0.1275 0.0241706
0.1274 0.0241413
0.1273 0.0241121
0.1272 0.0240828
0.1271 0.0240535
0.127 0.0240243
0.1269 0.0239951
0.1268 0.0239658
0.1267 0.0239366
0.1266 0.0239074
0.1265 0.0238782
0.1264 0.023849
0.1263 0.0238198
0.1262 0.0237907
0.1261 0.0237615
0.126 0.0237324
0.1259 0.0237032
0.1258 0.0236741
0.1257 0.0236449
0.1256 0.0236158
0.1255 0.0235867
0.1254 0.0235576
0.1253 0.0235285
0.1252 0.0234994
0.1251 0.0234704
0.125 0.0234413
0.1249 0.0234122
0.1248 0.0233832
0.1247 0.0233542
0.1246 0.0233251
0.1245 0.0232961
0.1244 0.0232671
0.1243 0.0232381
0.1242 0.0232091
0.1241 0.0231801
0.124 0.0231512
0.1239 0.0231222
0.1238 0.0230932
0.1237 0.0230643
0.1236 0.0230353
0.1235 0.0230064
0.1234 0.0229775
0.1233 0.0229486
0.1232 0.0229197
0.1231 0.0228908
0.123 0.0228619
0.1229 0.022833
0.1228 0.0228042
0.1227 0.0227753
0.1226 0.0227465
0.1225 0.0227176
0.1224 0.0226888
0.1223 0.02266
0.1222 0.0226312
0.1221 0.0226024
0.122 0.0225736
0.1219 0.0225448
0.1218 0.022516
0.1217 0.0224873
0.1216 0.0224585
0.1215 0.0224298
0.1214 0.022401
0.1213 0.0223723
0.1212 0.0223436
0.1211 0.0223149
0.121 0.0222862
0.1209 0.0222575
0.1208 0.0222288
0.1207 0.0222002
0.1206 0.0221715
0.1205 0.0221429
0.1204 0.0221142
0.1203 0.0220856
0.1202 0.022057
0.1201 0.0220284
0.12 0.0219997
0.1199 0.0219712
0.1198 0.0219426
0.1197 0.021914
0.1196 0.0218854
0.1195 0.0218569
0.1194 0.0218283
0.1193 0.0217998
0.1192 0.0217713
0.1191 0.0217428
0.119 0.0217143
0.1189 0.0216858
0.1188 0.0216573
0.1187 0.0216288
0.1186 0.0216003
0.1185 0.0215719
0.1184 0.0215434
0.1183 0.021515
0.1182 0.0214866
0.1181 0.0214581
0.118 0.0214297
0.1179 0.0214013
0.1178 0.0213729
0.1177 0.0213446
0.1176 0.0213162
0.1175 0.0212878
0.1174 0.0212595
0.1173 0.0212311
0.1172 0.0212028
0.1171 0.0211745
0.117 0.0211462
0.1169 0.0211179
0.1168 0.0210896
0.1167 0.0210613
0.1166 0.021033
0.1165 0.0210048
0.1164 0.0209765
0.1163 0.0209483
0.1162 0.02092
0.1161 0.0208918
0.116 0.0208636
0.1159 0.0208354
0.1158 0.0208072
0.1157 0.020779
0.1156 0.0207509
0.1155 0.0207227
0.1154 0.0206945
0.1153 0.0206664
0.1152 0.0206383
0.1151 0.0206101
0.115 0.020582
0.1149 0.0205539
0.1148 0.0205258
0.1147 0.0204978
0.1146 0.0204697
0.1145 0.0204416
0.1144 0.0204136
0.1143 0.0203855
0.1142 0.0203575
0.1141 0.0203295
0.114 0.0203015
0.1139 0.0202735
0.1138 0.0202455
0.1137 0.0202175
0.1136 0.0201895
0.1135 0.0201616
0.1134 0.0201336
0.1133 0.0201057
0.1132 0.0200778
0.1131 0.0200499
0.113 0.0200219
0.1129 0.0199941
0.1128 0.0199662
0.1127 0.0199383
0.1126 0.0199104
0.1125 0.0198826
0.1124 0.0198547
0.1123 0.0198269
0.1122 0.0197991
0.1121 0.0197713
0.112 0.0197434
0.1119 0.0197157
0.1118 0.0196879
0.1117 0.0196601
0.1116 0.0196323
0.1115 0.0196046
0.1114 0.0195768
0.1113 0.0195491
0.1112 0.0195214
0.1111 0.0194937
0.111 0.019466
0.1109 0.0194383
0.1108 0.0194106
0.1107 0.019383
0.1106 0.0193553
0.1105 0.0193277
0.1104 0.0193
0.1103 0.0192724
0.1102 0.0192448
0.1101 0.0192172
0.11 0.0191896
0.1099 0.019162
0.1098 0.0191345
0.1097 0.0191069
0.1096 0.0190793
0.1095 0.0190518
0.1094 0.0190243
0.1093 0.0189968
0.1092 0.0189693
0.1091 0.0189418
0.109 0.0189143
0.1089 0.0188868
0.1088 0.0188593
0.1087 0.0188319
0.1086 0.0188045
0.1085 0.018777
0.1084 0.0187496
0.1083 0.0187222
0.1082 0.0186948
0.1081 0.0186674
0.108 0.01864
0.1079 0.0186127
0.1078 0.0185853
0.1077 0.018558
0.1076 0.0185307
0.1075 0.0185033
0.1074 0.018476
0.1073 0.0184487
0.1072 0.0184214
0.1071 0.0183942
0.107 0.0183669
0.1069 0.0183397
0.1068 0.0183124
0.1067 0.0182852
0.1066 0.018258
0.1065 0.0182308
0.1064 0.0182036
0.1063 0.0181764
0.1062 0.0181492
0.1061 0.018122
0.106 0.0180949
0.1059 0.0180677
0.1058 0.0180406
0.1057 0.0180135
0.1056 0.0179864
0.1055 0.0179593
0.1054 0.0179322
0.1053 0.0179051
0.1052 0.0178781
0.1051 0.017851
0.105 0.017824
0.1049 0.0177969
0.1048 0.0177699
0.1047 0.0177429
0.1046 0.0177159
0.1045 0.0176889
0.1044 0.017662
0.1043 0.017635
0.1042 0.0176081
0.1041 0.0175811
0.104 0.0175542
0.1039 0.0175273
0.1038 0.0175004
0.1037 0.0174735
0.1036 0.0174466
0.1035 0.0174198
0.1034 0.0173929
0.1033 0.0173661
0.1032 0.0173392
0.1031 0.0173124
0.103 0.0172856
0.1029 0.0172588
0.1028 0.017232
0.1027 0.0172052
0.1026 0.0171785
0.1025 0.0171517
0.1024 0.017125
0.1023 0.0170983
0.1022 0.0170715
0.1021 0.0170448
0.102 0.0170181
0.1019 0.0169915
0.1018 0.0169648
0.1017 0.0169381
0.1016 0.0169115
0.1015 0.0168849
0.1014 0.0168582
0.1013 0.0168316
0.1012 0.016805
0.1011 0.0167784
0.101 0.0167519
0.1009 0.0167253
0.1008 0.0166988
0.1007 0.0166722
0.1006 0.0166457
0.1005 0.0166192
0.1004 0.0165927
0.1003 0.0165662
0.1002 0.0165397
0.1001 0.0165132
0.1 0.0164868
0.0999 0.0164604
0.0998 0.0164339
0.0997 0.0164075
0.0996 0.0163811
0.0995 0.0163547
0.0994 0.0163283
0.0993 0.016302
0.0992 0.0162756
0.0991 0.0162493
0.099 0.0162229
0.0989 0.0161966
0.0988 0.0161703
0.0987 0.016144
0.0986 0.0161177
0.0985 0.0160914
0.0984 0.0160652
0.0983 0.0160389
0.0982 0.0160127
0.0981 0.0159865
0.098 0.0159603
0.0979 0.0159341
0.0978 0.0159079
0.0977 0.0158817
0.0976 0.0158556
0.0975 0.0158294
0.0974 0.0158033
0.0973 0.0157772
0.0972 0.015751
0.0971 0.015725
0.097 0.0156989
0.0969 0.0156728
0.0968 0.0156467
0.0967 0.0156207
0.0966 0.0155947
0.0965 0.0155686
0.0964 0.0155426
0.0963 0.0155166
0.0962 0.0154906
0.0961 0.0154647
0.096 0.0154387
0.0959 0.0154128
0.0958 0.0153868
0.0957 0.0153609
0.0956 0.015335
0.0955 0.0153091
0.0954 0.0152832
0.0953 0.0152574
0.0952 0.0152315
0.0951 0.0152057
0.095 0.0151798
0.0949 0.015154
0.0948 0.0151282
0.0947 0.0151024
0.0946 0.0150766
0.0945 0.0150509
0.0944 0.0150251
0.0943 0.0149994
0.0942 0.0149736
0.0941 0.0149479
0.094 0.0149222
0.0939 0.0148965
0.0938 0.0148709
0.0937 0.0148452
0.0936 0.0148195
0.0935 0.0147939
0.0934 0.0147683
0.0933 0.0147427
0.0932 0.0147171
0.0931 0.0146915
0.093 0.0146659
0.0929 0.0146404
0.0928 0.0146148
0.0927 0.0145893
0.0926 0.0145638
0.0925 0.0145382
0.0924 0.0145128
0.0923 0.0144873
0.0922 0.0144618
0.0921 0.0144364
0.092 0.0144109
0.0919 0.0143855
0.0918 0.0143601
0.0917 0.0143347
0.0916 0.0143093
0.0915 0.0142839
0.0914 0.0142586
0.0913 0.0142332
0.0912 0.0142079
0.0911 0.0141826
0.091 0.0141573
0.0909 0.014132
0.0908 0.0141067
0.0907 0.0140814
0.0906 0.0140562
0.0905 0.0140309
0.0904 0.0140057
0.0903 0.0139805
0.0902 0.0139553
0.0901 0.0139301
0.09 0.013905
0.0899 0.0138798
0.0898 0.0138547
0.0897 0.0138295
0.0896 0.0138044
0.0895 0.0137793
0.0894 0.0137542
0.0893 0.0137291
0.0892 0.0137041
0.0891 0.013679
0.089 0.013654
0.0889 0.013629
0.0888 0.013604
0.0887 0.013579
0.0886 0.013554
0.0885 0.0135291
0.0884 0.0135041
0.0883 0.0134792
0.0882 0.0134542
0.0881 0.0134293
0.088 0.0134044
0.0879 0.0133796
0.0878 0.0133547
0.0877 0.0133298
0.0876 0.013305
0.0875 0.0132802
0.0874 0.0132554
0.0873 0.0132306
0.0872 0.0132058
0.0871 0.013181
0.087 0.0131563
0.0869 0.0131315
0.0868 0.0131068
0.0867 0.0130821
0.0866 0.0130574
0.0865 0.0130327
0.0864 0.0130081
0.0863 0.0129834
0.0862 0.0129588
0.0861 0.0129341
0.086 0.0129095
0.0859 0.0128849
0.0858 0.0128604
0.0857 0.0128358
0.0856 0.0128112
0.0855 0.0127867
0.0854 0.0127622
0.0853 0.0127377
0.0852 0.0127132
0.0851 0.0126887
0.085 0.0126642
0.0849 0.0126398
0.0848 0.0126153
0.0847 0.0125909
0.0846 0.0125665
0.0845 0.0125421
0.0844 0.0125177
0.0843 0.0124934
0.0842 0.012469
0.0841 0.0124447
0.084 0.0124204
0.0839 0.0123961
0.0838 0.0123718
0.0837 0.0123475
0.0836 0.0123232
0.0835 0.012299
0.0834 0.0122748
0.0833 0.0122505
0.0832 0.0122263
0.0831 0.0122022
0.083 0.012178
0.0829 0.0121538
0.0828 0.0121297
0.0827 0.0121056
0.0826 0.0120814
0.0825 0.0120573
0.0824 0.0120333
0.0823 0.0120092
0.0822 0.0119851
0.0821 0.0119611
0.082 0.0119371
0.0819 0.0119131
0.0818 0.0118891
0.0817 0.0118651
0.0816 0.0118411
0.0815 0.0118172
0.0814 0.0117933
0.0813 0.0117694
0.0812 0.0117455
0.0811 0.0117216
0.081 0.0116977
0.0809 0.0116738
0.0808 0.01165
0.0807 0.0116262
0.0806 0.0116024
0.0805 0.0115786
0.0804 0.0115548
0.0803 0.011531
0.0802 0.0115073
0.0801 0.0114836
0.08 0.0114598
0.0799 0.0114361
0.0798 0.0114124
0.0797 0.0113888
0.0796 0.0113651
0.0795 0.0113415
0.0794 0.0113179
0.0793 0.0112943
0.0792 0.0112707
0.0791 0.0112471
0.079 0.0112235
0.0789 0.0112
0.0788 0.0111764
0.0787 0.0111529
0.0786 0.0111294
0.0785 0.011106
0.0784 0.0110825
0.0783 0.011059
0.0782 0.0110356
0.0781 0.0110122
0.078 0.0109888
0.0779 0.0109654
0.0778 0.010942
0.0777 0.0109187
0.0776 0.0108953
0.0775 0.010872
0.0774 0.0108487
0.0773 0.0108254
0.0772 0.0108021
0.0771 0.0107789
0.077 0.0107556
0.0769 0.0107324
0.0768 0.0107092
0.0767 0.010686
0.0766 0.0106628
0.0765 0.0106396
0.0764 0.0106165
0.0763 0.0105934
0.0762 0.0105703
0.0761 0.0105472
0.076 0.0105241
0.0759 0.010501
0.0758 0.010478
0.0757 0.0104549
0.0756 0.0104319
0.0755 0.0104089
0.0754 0.0103859
0.0753 0.010363
0.0752 0.01034
0.0751 0.0103171
0.075 0.0102942
0.0749 0.0102713
0.0748 0.0102484
0.0747 0.0102255
0.0746 0.0102027
0.0745 0.0101798
0.0744 0.010157
0.0743 0.0101342
0.0742 0.0101114
0.0741 0.0100886
0.074 0.0100659
0.0739 0.0100432
0.0738 0.0100204
0.0737 0.00999773
0.0736 0.00997505
0.0735 0.00995238
0.0734 0.00992973
0.0733 0.0099071
0.0732 0.00988448
0.0731 0.00986188
0.073 0.00983929
0.0729 0.00981673
0.0728 0.00979418
0.0727 0.00977164
0.0726 0.00974913
0.0725 0.00972663
0.0724 0.00970415
0.0723 0.00968168
0.0722 0.00965924
0.0721 0.00963681
0.072 0.00961439
0.0719 0.009592
0.0718 0.00956962
0.0717 0.00954725
0.0716 0.00952491
0.0715 0.00950258
0.0714 0.00948027
0.0713 0.00945798
0.0712 0.0094357
0.0711 0.00941345
0.071 0.00939121
0.0709 0.00936898
0.0708 0.00934678
0.0707 0.00932459
0.0706 0.00930242
0.0705 0.00928026
0.0704 0.00925813
0.0703 0.00923601
0.0702 0.00921391
0.0701 0.00919183
0.07 0.00916976
0.0699 0.00914771
0.0698 0.00912568
0.0697 0.00910367
0.0696 0.00908167
0.0695 0.0090597
0.0694 0.00903774
0.0693 0.00901579
0.0692 0.00899387
0.0691 0.00897196
0.069 0.00895007
0.0689 0.0089282
0.0688 0.00890635
0.0687 0.00888452
0.0686 0.0088627
0.0685 0.0088409
0.0684 0.00881912
0.0683 0.00879736
0.0682 0.00877561
0.0681 0.00875388
0.068 0.00873218
0.0679 0.00871048
0.0678 0.00868881
0.0677 0.00866716
0.0676 0.00864552
0.0675 0.0086239
0.0674 0.0086023
0.0673 0.00858072
0.0672 0.00855916
0.0671 0.00853761
0.067 0.00851608
0.0669 0.00849458
0.0668 0.00847309
0.0667 0.00845161
0.0666 0.00843016
0.0665 0.00840873
0.0664 0.00838731
0.0663 0.00836591
0.0662 0.00834453
0.0661 0.00832317
0.066 0.00830183
0.0659 0.0082805
0.0658 0.0082592
0.0657 0.00823791
0.0656 0.00821664
0.0655 0.00819539
0.0654 0.00817416
0.0653 0.00815295
0.0652 0.00813176
0.0651 0.00811058
0.065 0.00808943
0.0649 0.00806829
0.0648 0.00804717
0.0647 0.00802607
0.0646 0.00800499
0.0645 0.00798393
0.0644 0.00796289
0.0643 0.00794187
0.0642 0.00792086
0.0641 0.00789988
0.064 0.00787891
0.0639 0.00785797
0.0638 0.00783704
0.0637 0.00781613
0.0636 0.00779524
0.0635 0.00777437
0.0634 0.00775352
0.0633 0.00773269
0.0632 0.00771187
0.0631 0.00769108
0.063 0.0076703
0.0629 0.00764955
0.0628 0.00762881
0.0627 0.0076081
0.0626 0.0075874
0.0625 0.00756672
0.0624 0.00754607
0.0623 0.00752543
0.0622 0.00750481
0.0621 0.00748421
0.062 0.00746363
0.0619 0.00744307
0.0618 0.00742253
0.0617 0.00740201
0.0616 0.00738151
0.0615 0.00736103
0.0614 0.00734057
0.0613 0.00732013
0.0612 0.0072997
0.0611 0.0072793
0.061 0.00725892
0.0609 0.00723856
0.0608 0.00721821
0.0607 0.00719789
0.0606 0.00717759
0.0605 0.00715731
0.0604 0.00713704
0.0603 0.0071168
0.0602 0.00709658
0.0601 0.00707638
0.06 0.00705619
0.0599 0.00703603
0.0598 0.00701589
0.0597 0.00699577
0.0596 0.00697567
0.0595 0.00695559
0.0594 0.00693552
0.0593 0.00691548
0.0592 0.00689546
0.0591 0.00687546
0.059 0.00685548
0.0589 0.00683552
0.0588 0.00681559
0.0587 0.00679567
0.0586 0.00677577
0.0585 0.00675589
0.0584 0.00673604
0.0583 0.0067162
0.0582 0.00669639
0.0581 0.00667659
0.058 0.00665682
0.0579 0.00663706
0.0578 0.00661733
0.0577 0.00659762
0.0576 0.00657793
0.0575 0.00655826
0.0574 0.00653861
0.0573 0.00651898
0.0572 0.00649937
0.0571 0.00647979
0.057 0.00646022
0.0569 0.00644068
0.0568 0.00642115
0.0567 0.00640165
0.0566 0.00638217
0.0565 0.00636271
0.0564 0.00634327
0.0563 0.00632385
0.0562 0.00630445
0.0561 0.00628508
0.056 0.00626573
0.0559 0.00624639
0.0558 0.00622708
0.0557 0.00620779
0.0556 0.00618852
0.0555 0.00616927
0.0554 0.00615005
0.0553 0.00613084
0.0552 0.00611166
0.0551 0.0060925
0.055 0.00607336
0.0549 0.00605424
0.0548 0.00603514
0.0547 0.00601607
0.0546 0.00599702
0.0545 0.00597798
0.0544 0.00595897
0.0543 0.00593999
0.0542 0.00592102
0.0541 0.00590207
0.054 0.00588315
0.0539 0.00586425
0.0538 0.00584537
0.0537 0.00582652
0.0536 0.00580768
0.0535 0.00578887
0.0534 0.00577008
0.0533 0.00575131
0.0532 0.00573256
0.0531 0.00571384
0.053 0.00569513
0.0529 0.00567645
0.0528 0.0056578
0.0527 0.00563916
0.0526 0.00562055
0.0525 0.00560196
0.0524 0.00558339
0.0523 0.00556484
0.0522 0.00554632
0.0521 0.00552782
0.052 0.00550934
0.0519 0.00549088
0.0518 0.00547245
0.0517 0.00545404
0.0516 0.00543565
0.0515 0.00541728
0.0514 0.00539894
0.0513 0.00538062
0.0512 0.00536232
0.0511 0.00534405
0.051 0.00532579
0.0509 0.00530757
0.0508 0.00528936
0.0507 0.00527118
0.0506 0.00525302
0.0505 0.00523488
0.0504 0.00521676
0.0503 0.00519867
0.0502 0.0051806
0.0501 0.00516256
0.05 0.00514454
0.0499 0.00512654
0.0498 0.00510856
0.0497 0.00509061
0.0496 0.00507268
0.0495 0.00505477
0.0494 0.00503689
0.0493 0.00501903
0.0492 0.0050012
0.0491 0.00498338
0.049 0.0049656
0.0489 0.00494783
0.0488 0.00493009
0.0487 0.00491237
0.0486 0.00489468
0.0485 0.00487701
0.0484 0.00485936
0.0483 0.00484173
0.0482 0.00482413
0.0481 0.00480656
0.048 0.00478901
0.0479 0.00477148
0.0478 0.00475397
0.0477 0.00473649
0.0476 0.00471904
0.0475 0.0047016
0.0474 0.0046842
0.0473 0.00466681
0.0472 0.00464945
0.0471 0.00463212
0.047 0.0046148
0.0469 0.00459752
0.0468 0.00458025
0.0467 0.00456301
0.0466 0.0045458
0.0465 0.00452861
0.0464 0.00451144
0.0463 0.0044943
0.0462 0.00447718
0.0461 0.00446009
0.046 0.00444302
0.0459 0.00442598
0.0458 0.00440896
0.0457 0.00439196
0.0456 0.00437499
0.0455 0.00435805
0.0454 0.00434113
0.0453 0.00432423
0.0452 0.00430736
0.0451 0.00429052
0.045 0.00427369
0.0449 0.0042569
0.0448 0.00424013
0.0447 0.00422338
0.0446 0.00420666
0.0445 0.00418996
0.0444 0.00417329
0.0443 0.00415665
0.0442 0.00414003
0.0441 0.00412343
0.044 0.00410686
0.0439 0.00409032
0.0438 0.0040738
0.0437 0.0040573
0.0436 0.00404083
0.0435 0.00402439
0.0434 0.00400797
0.0433 0.00399158
0.0432 0.00397521
0.0431 0.00395887
0.043 0.00394256
0.0429 0.00392627
0.0428 0.00391
0.0427 0.00389377
0.0426 0.00387755
0.0425 0.00386137
0.0424 0.00384521
0.0423 0.00382907
0.0422 0.00381296
0.0421 0.00379688
0.042 0.00378082
0.0419 0.00376479
0.0418 0.00374879
0.0417 0.00373281
0.0416 0.00371685
0.0415 0.00370093
0.0414 0.00368503
0.0413 0.00366915
0.0412 0.00365331
0.0411 0.00363749
0.041 0.00362169
0.0409 0.00360592
0.0408 0.00359018
0.0407 0.00357447
0.0406 0.00355878
0.0405 0.00354312
0.0404 0.00352748
0.0403 0.00351187
0.0402 0.00349629
0.0401 0.00348074
0.04 0.00346521
0.0399 0.00344971
0.0398 0.00343423
0.0397 0.00341879
0.0396 0.00340336
0.0395 0.00338797
0.0394 0.00337261
0.0393 0.00335727
0.0392 0.00334195
0.0391 0.00332667
0.039 0.00331141
0.0389 0.00329618
0.0388 0.00328098
0.0387 0.0032658
0.0386 0.00325065
0.0385 0.00323553
0.0384 0.00322044
0.0383 0.00320537
0.0382 0.00319034
0.0381 0.00317532
0.038 0.00316034
0.0379 0.00314539
0.0378 0.00313046
0.0377 0.00311556
0.0376 0.00310069
0.0375 0.00308584
0.0374 0.00307103
0.0373 0.00305624
0.0372 0.00304148
0.0371 0.00302675
0.037 0.00301204
0.0369 0.00299737
0.0368 0.00298272
0.0367 0.0029681
0.0366 0.00295351
0.0365 0.00293894
0.0364 0.00292441
0.0363 0.0029099
0.0362 0.00289543
0.0361 0.00288098
0.036 0.00286656
0.0359 0.00285216
0.0358 0.0028378
0.0357 0.00282346
0.0356 0.00280916
0.0355 0.00279488
0.0354 0.00278063
0.0353 0.00276641
0.0352 0.00275222
0.0351 0.00273806
0.035 0.00272393
0.0349 0.00270982
0.0348 0.00269575
0.0347 0.0026817
0.0346 0.00266768
0.0345 0.0026537
0.0344 0.00263974
0.0343 0.00262581
0.0342 0.00261191
0.0341 0.00259804
0.034 0.0025842
0.0339 0.00257039
0.0338 0.00255661
0.0337 0.00254285
0.0336 0.00252913
0.0335 0.00251544
0.0334 0.00250178
0.0333 0.00248814
0.0332 0.00247454
0.0331 0.00246097
0.033 0.00244742
0.0329 0.00243391
0.0328 0.00242042
0.0327 0.00240697
0.0326 0.00239355
0.0325 0.00238015
0.0324 0.00236679
0.0323 0.00235346
0.0322 0.00234015
0.0321 0.00232688
0.032 0.00231364
0.0319 0.00230043
0.0318 0.00228725
0.0317 0.0022741
0.0316 0.00226098
0.0315 0.00224789
0.0314 0.00223483
0.0313 0.0022218
0.0312 0.0022088
0.0311 0.00219584
0.031 0.0021829
0.0309 0.00217
0.0308 0.00215712
0.0307 0.00214428
0.0306 0.00213147
0.0305 0.00211869
0.0304 0.00210594
0.0303 0.00209322
0.0302 0.00208054
0.0301 0.00206788
0.03 0.00205526
0.0299 0.00204266
0.0298 0.0020301
0.0297 0.00201757
0.0296 0.00200508
0.0295 0.00199261
0.0294 0.00198018
0.0293 0.00196777
0.0292 0.0019554
0.0291 0.00194306
0.029 0.00193076
0.0289 0.00191848
0.0288 0.00190624
0.0287 0.00189403
0.0286 0.00188185
0.0285 0.0018697
0.0284 0.00185759
0.0283 0.00184551
0.0282 0.00183346
0.0281 0.00182144
0.028 0.00180946
0.0279 0.0017975
0.0278 0.00178558
0.0277 0.0017737
0.0276 0.00176184
0.0275 0.00175002
0.0274 0.00173823
0.0273 0.00172648
0.0272 0.00171475
0.0271 0.00170306
0.027 0.0016914
0.0269 0.00167978
0.0268 0.00166819
0.0267 0.00165663
0.0266 0.00164511
0.0265 0.00163361
0.0264 0.00162216
0.0263 0.00161073
0.0262 0.00159934
0.0261 0.00158798
0.026 0.00157666
0.0259 0.00156537
0.0258 0.00155411
0.0257 0.00154289
0.0256 0.0015317
0.0255 0.00152054
0.0254 0.00150942
0.0253 0.00149833
0.0252 0.00148728
0.0251 0.00147626
0.025 0.00146527
0.0249 0.00145432
0.0248 0.00144341
0.0247 0.00143252
0.0246 0.00142167
0.0245 0.00141086
0.0244 0.00140008
0.0243 0.00138934
0.0242 0.00137863
0.0241 0.00136795
0.024 0.00135731
0.0239 0.0013467
0.0238 0.00133613
0.0237 0.0013256
0.0236 0.00131509
0.0235 0.00130463
0.0234 0.0012942
0.0233 0.0012838
0.0232 0.00127344
0.0231 0.00126311
0.023 0.00125282
0.0229 0.00124257
0.0228 0.00123235
0.0227 0.00122217
0.0226 0.00121202
0.0225 0.00120191
0.0224 0.00119183
0.0223 0.00118179
0.0222 0.00117178
0.0221 0.00116181
0.022 0.00115188
0.0219 0.00114198
0.0218 0.00113212
0.0217 0.0011223
0.0216 0.00111251
0.0215 0.00110275
0.0214 0.00109304
0.0213 0.00108336
0.0212 0.00107372
0.0211 0.00106411
0.021 0.00105454
0.0209 0.001045
0.0208 0.00103551
0.0207 0.00102605
0.0206 0.00101662
0.0205 0.00100724
0.0204 0.00099789
0.0203 0.000988578
0.0202 0.000979303
0.0201 0.000970065
0.02 0.000960865
0.0199 0.000951702
0.0198 0.000942576
0.0197 0.000933488
0.0196 0.000924437
0.0195 0.000915424
0.0194 0.000906449
0.0193 0.000897511
0.0192 0.000888611
0.0191 0.000879749
0.019 0.000870925
0.0189 0.00086214
0.0188 0.000853392
0.0187 0.000844682
0.0186 0.000836011
0.0185 0.000827378
0.0184 0.000818783
0.0183 0.000810227
0.0182 0.000801709
0.0181 0.00079323
0.018 0.000784789
0.0179 0.000776388
0.0178 0.000768025
0.0177 0.000759701
0.0176 0.000751416
0.0175 0.00074317
0.0174 0.000734963
0.0173 0.000726795
0.0172 0.000718666
0.0171 0.000710577
0.017 0.000702527
0.0169 0.000694517
0.0168 0.000686546
0.0167 0.000678615
0.0166 0.000670724
0.0165 0.000662872
0.0164 0.00065506
0.0163 0.000647288
0.0162 0.000639556
0.0161 0.000631864
0.016 0.000624212
0.0159 0.000616601
0.0158 0.000609029
0.0157 0.000601498
0.0156 0.000594008
0.0155 0.000586558
0.0154 0.000579149
0.0153 0.00057178
0.0152 0.000564452
0.0151 0.000557165
0.015 0.000549919
0.0149 0.000542714
0.0148 0.00053555
0.0147 0.000528427
0.0146 0.000521345
0.0145 0.000514305
0.0144 0.000507306
0.0143 0.000500348
0.0142 0.000493433
0.0141 0.000486558
0.014 0.000479726
0.0139 0.000472935
0.0138 0.000466186
0.0137 0.000459479
0.0136 0.000452814
0.0135 0.000446192
0.0134 0.000439611
0.0133 0.000433073
0.0132 0.000426577
0.0131 0.000420123
0.013 0.000413713
0.0129 0.000407344
0.0128 0.000401019
0.0127 0.000394736
0.0126 0.000388496
0.0125 0.0003823
0.0124 0.000376146
0.0123 0.000370035
0.0122 0.000363968
0.0121 0.000357944
0.012 0.000351963
0.0119 0.000346026
0.0118 0.000340132
0.0117 0.000334282
0.0116 0.000328476
0.0115 0.000322713
0.0114 0.000316995
0.0113 0.000311321
0.0112 0.00030569
0.0111 0.000300104
0.011 0.000294562
0.0109 0.000289065
0.0108 0.000283612
0.0107 0.000278204
0.0106 0.00027284
0.0105 0.000267521
0.0104 0.000262247
0.0103 0.000257017
0.0102 0.000251833
0.0101 0.000246694
0.01 0.0002416
0.0099 0.000236552
0.0098 0.000231548
0.0097 0.000226591
0.0096 0.000221679
0.0095 0.000216812
0.0094 0.000211992
0.0093 0.000207217
0.0092 0.000202488
0.0091 0.000197805
0.009 0.000193169
0.0089 0.000188578
0.0088 0.000184034
0.0087 0.000179537
0.0086 0.000175086
0.0085 0.000170682
0.0084 0.000166324
0.0083 0.000162013
0.0082 0.00015775
0.0081 0.000153533
0.008 0.000149363
0.0079 0.000145241
0.0078 0.000141166
0.0077 0.000137138
0.0076 0.000133159
0.0075 0.000129226
0.0074 0.000125342
0.0073 0.000121505
0.0072 0.000117716
0.0071 0.000113976
0.007 0.000110283
0.0069 0.000106639
0.0068 0.000103043
0.0067 9.9496e-05
0.0066 9.59973e-05
0.0065 9.25472e-05
0.0064 8.9146e-05
0.0063 8.57937e-05
0.0062 8.24905e-05
0.0061 7.92363e-05
0.006 7.60314e-05
0.0059 7.28759e-05
0.0058 6.97697e-05
0.0057 6.67132e-05
0.0056 6.37063e-05
0.0055 6.07492e-05
0.0054 5.7842e-05
0.0053 5.49848e-05
0.0052 5.21777e-05
0.0051 4.94208e-05
0.005 4.67142e-05
0.0049 4.40581e-05
0.0048 4.14525e-05
0.0047 3.88976e-05
0.0046 3.63935e-05
0.0045 3.39403e-05
0.0044 3.1538e-05
0.0043 2.91869e-05
0.0042 2.6887e-05
0.0041 2.46384e-05
0.004 2.24412e-05
0.0039 2.02956e-05
0.0038 1.82017e-05
0.0037 1.61596e-05
0.0036 1.41693e-05
0.0035 1.22311e-05
0.0034 1.03449e-05
0.0033 8.51094e-06
0.0032 6.7293e-06
0.0031 5.00008e-06
0.003 3.32339e-06
0.0029 1.69931e-06
0.0028 1.27955e-07
0.0027 -1.39059e-06
0.0026 -2.85623e-06
0.0025 -4.26889e-06
0.0024 -5.62849e-06
0.0023 -6.93495e-06
0.0022 -8.18822e-06
0.0021 -9.38824e-06
0.002 -1.0535e-05
0.0019 -1.16285e-05
0.0018 -1.26686e-05
0.0017 -1.36556e-05
0.0016 -1.45893e-05
0.0015 -1.54701e-05
0.0014 -1.6298e-05
0.0013 -1.70733e-05
0.0012 -1.77966e-05
0.0011 -1.84684e-05
0.001 -1.90896e-05
0.0009 -1.96615e-05
0.0008 -2.01861e-05
0.0007 -2.06663e-05
0.0006 -2.11071e-05
0.0005 -2.15165e-05
0.0004 -2.19093e-05
0.0003 -2.23154e-05
0.0002 -2.28036e-05
0.0001 -2.35705e-05
9.38176e-14 -2.49752e-05
-0.0001 -4.55284e-06
-0.0002 -1.80005e-05
-0.0003 -1.94309e-05
-0.0004 -1.98208e-05
-0.0005 -1.9871e-05
-0.0006 -1.97446e-05
-0.0007 -1.94993e-05
-0.0008 -1.91606e-05
-0.0009 -1.87413e-05
-0.001 -1.82486e-05
-0.0011 -1.7687e-05
-0.0012 -1.70591e-05
-0.0013 -1.63666e-05
-0.0014 -1.56108e-05
-0.0015 -1.47925e-05
-0.0016 -1.39122e-05
-0.0017 -1.29702e-05
-0.0018 -1.19669e-05
-0.0019 -1.09024e-05
-0.002 -9.77685e-06
-0.0021 -8.59019e-06
-0.0022 -7.34248e-06
-0.0023 -6.03369e-06
-0.0024 -4.66376e-06
-0.0025 -3.23263e-06
-0.0026 -1.74022e-06
-0.0027 -1.86424e-07
-0.0028 1.42886e-06
-0.0029 3.10575e-06
-0.003 4.84436e-06
-0.0031 6.64484e-06
-0.0032 8.50731e-06
-0.0033 1.04319e-05
-0.0034 1.24188e-05
-0.0035 1.44681e-05
-0.0036 1.658e-05
-0.0037 1.87546e-05
-0.0038 2.09921e-05
-0.0039 2.32927e-05
-0.004 2.56565e-05
-0.0041 2.80836e-05
-0.0042 3.05743e-05
-0.0043 3.31287e-05
-0.0044 3.5747e-05
-0.0045 3.84293e-05
-0.0046 4.11759e-05
-0.0047 4.39868e-05
-0.0048 4.68623e-05
-0.0049 4.98026e-05
-0.005 5.28078e-05
-0.0051 5.58781e-05
-0.0052 5.90137e-05
-0.0053 6.22148e-05
-0.0054 6.54815e-05
-0.0055 6.88141e-05
-0.0056 7.22127e-05
-0.0057 7.56775e-05
-0.0058 7.92087e-05
-0.0059 8.28066e-05
-0.006 8.64712e-05
-0.0061 9.02028e-05
-0.0062 9.40016e-05
-0.0063 9.78677e-05
-0.0064 0.000101801
-0.0065 0.000105803
-0.0066 0.000109872
-0.0067 0.00011401
-0.0068 0.000118216
-0.0069 0.000122491
-0.007 0.000126834
-0.0071 0.000131246
-0.0072 0.000135728
-0.0073 0.000140279
-0.0074 0.000144899
-0.0075 0.000149589
-0.0076 0.00015435
-0.0077 0.00015918
-0.0078 0.000164081
-0.0079 0.000169053
-0.008 0.000174095
-0.0081 0.000179209
-0.0082 0.000184394
-0.0083 0.000189651
-0.0084 0.000194979
-0.0085 0.000200379
-0.0086 0.000205852
-0.0087 0.000211397
-0.0088 0.000217014
-0.0089 0.000222705
-0.009 0.000228468
-0.0091 0.000234305
-0.0092 0.000240216
-0.0093 0.0002462
-0.0094 0.000252259
-0.0095 0.000258392
-0.0096 0.000264599
-0.0097 0.000270881
-0.0098 0.000277238
-0.0099 0.000283671
-0.01 0.000290179
-0.0101 0.000296762
